+923424224229
+924236882914
+923336897945
+923187666240
+924187220711
+922135202860
+923226088061
+928192113811
+923414873239
+922132601369
+929235284191
+923149809272
+922111163281
+922132621108
+923216115256
+923056234644
+923077161616
+924235790211
+925375326761
+928000300011
+924124307631
+923333198917
+923008444799
+926737881231
+923453265217
+924126056961
+925187330271
+924124351011
+923008651716
+923008051022
+923460710182
+923362314059
+922134821453
+923092801960
+923408372640
+923497750001
+923331268733
+923362534626
+923332996775
+923322171456
+923132018006
+923341304305
+923032009660
+923362314095
+923060096173
+923409860493
+923012920578
+923073769206
+923160137004
+923489840452